//USAGE: popSize genCount geneLength mutationProb CrossProb

*Base_Test
30 10 20 0.033 0.6

*Vary_Population_Size
10 10 20 0.033 0.6
20 10 20 0.033 0.6
30 10 20 0.033 0.6
40 10 20 0.033 0.6
50 10 20 0.033 0.6

*Vary_Generation_Count
30 10 20 0.033 0.6
30 20 20 0.033 0.6
30 30 20 0.033 0.6
30 40 20 0.033 0.6
30 50 20 0.033 0.6

*Vary_Gene_String_Length
30 10 5 0.033 0.6
30 10 10 0.033 0.6
30 10 15 0.033 0.6
30 10 20 0.033 0.6
30 10 25 0.033 0.6

*Vary_Crossover_Prob
30 10 20 0.033 0.3
30 10 20 0.033 0.4
30 10 20 0.033 0.5
30 10 20 0.033 0.6
30 10 20 0.033 0.7
30 10 20 0.033 0.8
30 10 20 0.033 0.9

*Vary_Mutation_Prob_ConstantPop
30 10 20 0.02 0.6
30 10 20 0.025 0.6
30 10 20 0.033 0.6
30 10 20 0.05 0.6
30 10 20 0.1 0.6

*Vary_Mutation_Prob_InversePop
50 10 20 0.02 0.6
40 10 20 0.025 0.6
30 10 20 0.033 0.6
20 10 20 0.05 0.6
10 10 20 0.1 0.6
